0 1 2 3 12080 5 12080 7 12080 12080 
12080 11 12080 13 12080 12080 12080 17 12080 19 
12080 12080 12080 23 12080 12080 12080 12080 12080 29 
12080 31 12080 12080 12080 12080 12080 37 12080 12080 
12080 41 12080 43 12080 12080 12080 47 12080 12080 
12080 12080 12080 53 12080 12080 12080 12080 12080 59 
12080 61 12080 12080 12080 12080 12080 67 12080 12080 
12080 71 12080 73 12080 12080 12080 12080 12080 79 
12080 12080 12080 83 12080 12080 12080 12080 12080 89 
12080 12080 12080 12080 12080 12080 12080 97 12080 99 
